function wave = InitializeTensorForTest

A(1).site = 1 ;
A(1).subNo = 6 ;
% A(1).xBond = [-1,0,0,1,1,1] ;
% A(1).xDim = [1,1,1,1,1,1] ;
% A(1).yBond = [1,0,1,-1,0,1] ;
% A(1).yDim = [1,1,1,1,1,1] ;
% A(1).zBond = [1,1,0,1,0,-1] ;
% A(1).zDim = [1,1,1,1,1,1] ;
A(1).serialNo(1, :) = [3, 2, 2, 1, 1, 1] ; 
A(1).serialNo(2, :) = [1, 2, 1, 3, 2, 1] ;
A(1).serialNo(3, :) = [1, 1, 2, 1, 2, 3] ;
A(1).tensor3 = {0.398130879531336,0.515367219211572,0.657530542095911,0.950915198264959,0.722348514327498,0.400079745362338} ;

A(2).site = -1 ;
A(2).subNo = 6 ;
% A(2).xBond = [-1,-1,-1,0,0,1] ;
% A(2).xDim = [1,1,1,1,1,1] ;
% A(2).yBond = [-1,0,1,-1,0,-1] ;
% A(2).yDim = [1,1,1,1,1,1] ;
% A(2).zBond = [1,0,-1,0,-1,-1] ;
% A(2).zDim = [1,1,1,1,1,1] ;
A(2).serialNo(1, :) = [3, 3, 3, 2, 2, 1] ;
A(2).serialNo(2, :) = [3, 2, 1, 3, 2, 3] ;
A(2).serialNo(3, :) = [1, 2, 3, 2, 3, 3] ;
A(2).tensor3 = {0.831871339329810,0.134338341728708,0.060466771939828,0.084247052314660,0.163898318329708,0.324219920294049} ;
Lambda.subNo = 3 ;

Lambda.quantNo = [1, 0, - 1] ;

Lambda.dim = [1, 1, 1] ;
Lambda.tensor1 = {0.301726777204647,0.0116809911303396,0.539905093849625} ;

wave.A = A ;
wave.B = A ;
wave.coef = 1 ;
wave.ABsingularValue = 1 ;
wave.Lambda(1) = Lambda ;
wave.Lambda(2) = Lambda ;
wave.Lambda(3) = Lambda ;